1712954320121644199, 550, 242, 24.53972816467285, 930, [ 931  931  930  930  930  930  930  930  930  929  931  931  930  930
  930  930  930  930  930  929  931  931  930  930  930  930  930  930
  930  929  931  931  931  930  930  930  930  930  930  930  932  931
  931  930  930  930  930  930  930  930  932  932  931  930  930  930
  930  930  930  930  932  932  931  931  930  930  930  930  930  930
  932  932  932  931  931  930  930  930  930  930  932  932  932  931
  931  931  930  930  930  930  932  932  932  931  931  931  931 2047
 2047 2047], 0.44436, -0.003864, -1.7501429976509038, 
1712954320182266412, 550, 243, 24.824481964111328, 931, [ 931  931  931  931  930  930  930  930  930  930  931  931  931  931
  931  931  930  930  930  930  931  931  931  931  931  931  930  930
  930  930  931  931  931  931  931  930  930  930  930  930  932  932
  932  931  931  930  930  930  930  930  932  932  932  931  931  931
  931  930  930  930  932  932  932  932  931  931  931  931  930  930
  932  932  932  932  931  931  931  931  930 2047  932  932  933  932
  932  932  932 2047 2047 2047  932  932  933  933  932  933  933 2047
 2047 2047], 0.444843, -0.0058023, -1.7612354931434264, 
1712954320226346496, 550, 242, 24.86473274230957, 930, [ 931  931  931  931  930  930  930  930  930 2047  931  931  931  931
  930  930  930  930  930  930  931  931  931  931  930  930  930  930
  930  931  931  931  931  931  931  930  930  930  930  931  931  931
  931  931  930  930  930  930  930  931  932  931  931  931  930  930
  930  930  930  930  932  931  931  931  930  930  930  930  930  930
  932  932  932  931  931  930  930  930  930  930  932  932  932  931
  931  931  930  931  930  930  932  932  932  932  931  931  931  931
 2047 2047], 0.44436, -0.003864, -1.7000258469605354, 
1712954320262373329, 550, 242, 24.865253448486328, 930, [ 931  931  931  931  930  930  930  930  930  929  932  931  931  931
  931  930  930  930  930  929  932  931  931  931  931  931  930  930
  930  929  931  931  931  931  931  931  930  930  930  930  932  931
  931  931  930  930  930  930  930  930  932  932  932  931  931  930
  930  930  930  929  932  932  932  931  931  930  930  930  929  929
  932  932  932  932  931  931  930  930  929  929  932  932  932  932
  931  930  930  930  929  929  932  932  933  932  931  930  930  930
  929 2047], 0.44436, -0.003864, -1.782946875876088, 
1712954320305033136, 549, 243, 24.78169059753418, 931, [ 931  931  931  931  931  930  930  930  930  930  931  931  931  931
  931  931  931  930  930  930  931  931  931  931  931  931  931  930
  930  930  932  931  931  931  931  931  930  930  930  930  932  932
  932  931  931  931  930  930  930  930  932  932  932  932  931  931
  931  931  931  930  932  932  932  932  931  931  931  931  931  930
  932  932  932  932  931  931  932  932  931  930  932  932  932  933
  932  932  932 2047 2047 2047  933  933  933  933  933  934 2047 2047
 2047 2047], 0.44290889999999994, -0.0058023, -1.7952817496714444, 
1712954320332219198, 550, 244, 24.667892456054688, 930, [ 931  931  931  931  930  930  930  930  930  930  931  931  931  931
  930  930  930  930  930  930  931  931  931  930  930  930  930  930
  930  930  932  931  931  930  930  930  930  930  930  930  932  931
  931  931  930  930  930  930  930  930  932  932  932  931  930  930
  930  930  930  930  932  932  932  931  930  930  930  930  930  930
  932  931  932  931  930  930  930 2047 2047  792  932  932  932  932
 2047 2047 2047 2047 2047  792  932 2047  932 2047 2047 2047 2047 2047
  790  790], 0.44436, -0.007728, -1.721790229722715, 
1712954320366061544, 550, 241, 24.331892013549805, 930, [ 931  930  930  930  930  930  930  930  930  930  931  931  931  931
  930  930  930  930  930  930  931  931  931  930  930  930  930  930
  930  930  931  931  931  931  931  930  930  930  930  930  931  931
  931  931  931  930  930  930  930  930  931  931  931  930  930  930
  930  930  930  930  932  931  931  930  930  930  930  930  930  930
  932  931  931  931  931  930  930  930  930  930  932  932  932  931
  931  931  930  930  929  930  932  932  932  931  931  931  930  930
  929 2047], 0.44436, -0.001932, -1.782667625444411, 
1712954320400274867, 550, 242, 24.88483428955078, 930, [ 931  931  931  931  930  930  929  929  929  929  931  931  931  930
  930  930  930  930  930  929  931  931  930  931  930  930  930  930
  930  929  931  930  930  930  930  930  930  930  930  930  931  931
  930  930  930  930  930  930  930  929  932  931  931  930  930  930
  930  930  930  930  932  931  931  930  930  930  930  930  930  930
  932  931  931  930  930  930  930  930  930  930  932  931  932  931
  930  930  930  930  930 2047  932  932  932  931  931  930  930 2047
 2047 2047], 0.44436, -0.003864, -1.7353830151817689, 
1712954320431994921, 550, 243, 24.520498275756836, 930, [ 932  931  931  931  931  930  930  930  929  929  932  931  931  931
  931  931  930  930  930  930  931  931  931  931  931  930  930  930
  930  930  932  931  931  931  930  930  930  930  930  930  932  932
  931  931  930  930  930  930  930  930  932  931  931  931  930  930
  930  930  930  930  932  932  932  931  930  930  930  930  930  930
  932  932  932  931  930  930  930  930  930  930  932  932  932  931
  931  930  930  931  930 2047  932  932  933  932  931  931  931 2047
  783 2047], 0.44436, -0.005795999999999999, -1.7574372910209426, 
1712954320466408558, 550, 242, 24.53972816467285, 930, [ 931  931  931  931  930  930  930  930  930  929  931  931  931  931
  930  930  930  930  930  929  931  931  931  931  931  931  930  930
  930  930  931  931  931  931  931  930  930  930  930  930  931  931
  931  931  930  930  930  930  930  930  932  932  932  931  931  930
  930  930  930  930  932  932  932  931  931  931  930  930  930  930
  932  932  932  931  931  931  931  930  930  930  932  932  932  931
  931  931  930  930  930  930  932  932  933  932  931  932  931 2047
 2047 2047], 0.44436, -0.003864, -1.7762854137058195, 
1712954320500327583, 550, 243, 24.38823699951172, 930, [ 931  931  931  931  930  930  930  930  930  929  931  931  931  931
  931  930  930  930  930  929  931  931  931  930  930  930  930  930
  930  930  931  931  931  930  930  930  930  930  930  930  932  931
  931  930  930  930  930  930  930  930  932  931  931  930  930  930
  930  930  930  930  932  931  931  931  930  930  930  930  930  930
  932  931  932  931  930  930  930  930  929 2047  932  932  932  931
  931  931  931 2047 2047 2047  932  932  932  931  931 2047 2047 2047
 2047 2047], 0.44436, -0.005795999999999999, -1.7443864989558007, 
1712954320544661608, 550, 242, 24.515399932861328, 930, [ 931  931  931  931  930  930  929  930  929  929  931  931  931  930
  930  930  930  930  930  930  931  931  931  931  930  930  930  930
  930  930  931  931  931  930  930  930  930  930  930  930  931  931
  931  930  930  930  930  930  930  930  932  932  931  930  930  930
  930  930  930  930  932  932  932  931  930  930  930  930  930  930
  932  932  932  931  930  930  930  930  929  930  932  932  932  931
  931  930  930  930  929  930  932  932  932  931  930  930  930  930
  929 2047], 0.44436, -0.003864, -1.7432848693171143, 
1712954320583912715, 550, 244, 24.667892456054688, 931, [ 931  931  931  931  930  930  930  930  930  929  931  931  931  930
  930  930  930  930  930  930  931  931  931  930  930  930  930  930
  930  930  932  931  931  930  930  930  930  930  930  930  932  932
  932  931  931  930  930  930  930  930  932  932  932  931  931  931
  931  931  930  930  932  932  932  931  931  931  931  931  930  930
  932  932  932  931  931  932  932  932 2047 2047  932  932  932  932
  931  931  931  785 2047 2047  932  932  932  932  786  786 2047 2047
 2047 2047], 0.444843, -0.0077364, -1.6611318533017412, 
1712954320616461863, 550, 242, 24.42344856262207, 930, [ 931  931  931  931  930  930  930  930  930  929  931  931  931  931
  931  930  930  930  930  930  931  931  931  931  931  931  930  930
  930  930  931  931  931  931  931  931  930  930  930  930  931  931
  931  931  931  930  930  930  930  930  932  932  931  931  931  930
  930  930  930  930  932  932  932  931  931  930  930  931  930  930
  932  932  932  931  931  931  931  931  930  930  932  932  932  932
  931  931  931  931  930  930  932  932  932  932  931  931  931 2047
 2047 2047], 0.44436, -0.003864, -1.774339262417259, 
1712954320646186184, 549, 244, 25.002010345458984, 931, [ 931  931  931  931  931  931  931  930  930  930  931  931  931  931
  931  931  931  930  930  930  932  931  931  931  931  931  930  930
  930  930  932  932  932  931  931  931  930  930  930  930  932  932
  932  932  931  931  930  930  930  930  932  932  932  932  931  931
  931  930  930  930  932  932  932  932  932  931  931  930  930  929
  932  932  932  932  932  931  931  930  930  929  932  932  932  932
  932  932 2047 2047 2047 2047  931  932  932 2047 2047 2047 2047 2047
 2047 2047], 0.44290889999999994, -0.0077364, -1.7304403367927663, 
1712954320674749336, 550, 242, 24.738733291625977, 930, [ 931  931  931  931  930  930  930  930  930  929  931  931  931  931
  930  930  930  930  930  930  931  931  931  931  931  930  930  931
  931  930  931  931  931  931  931  930  930  930  930  930  931  931
  931  931  930  930  930  930  930  930  932  931  931  931  930  930
  930  930  930  930  932  932  931  931  931  930  930  930  930  930
  932  932  932  931  931  931  930  930  929  929  932  932  932  931
  931  931  931  931  929  930  932  932  932  931  931  932 2047 2047
 2047 2047], 0.44436, -0.003864, -1.8128578407424227, 
1712954320700244218, 549, 244, 25.000410079956055, 931, [ 931  931  931  931  931  931  930  930  930  930  931  931  931  931
  931  931  931  930  930  930  932  932  931  931  931  931  930  930
  930  930  932  932  932  931  931  931  930  930  930  930  932  932
  932  932  931  931  931  930  930  930  932  932  932  932  931  931
  931  931  930  930  932  932  932  932  932  931  931  931  931  930
  932  932  932  933  932  932  932  931  931  930  932  932  933  933
  933  933  932  932  932  792  932  933  933  933  933  933  933  787
 2047  790], 0.44290889999999994, -0.0077364, -1.7053956097517105, 
1712954320732067427, 549, 244, 24.75705909729004, 931, [ 931  932  931  931  931  931  931  930  930  930  931  931  931  931
  931  931  931  930  930  930  932  932  931  931  931  930  930  930
  930  930  932  932  932  931  931  930  930  930  930  930  932  932
  932  931  931  931  930  930  930  930  932  932  932  932  931  931
  931  930  930  929  932  932  932  932  931  931  931  931  930  929
  932  932  932  932  932  931  931 2047 2047  929  932  932  932  933
  932 2047 2047 2047 2047 2047  933  933  933 2047 2047 2047 2047 2047
 2047 2047], 0.44290889999999994, -0.0077364, -1.7365303662559564, 
1712954320766058871, 550, 242, 25.005098342895508, 930, [931 931 931 931 931 930 930 930 930 929 931 931 931 931 931 930 930 930
 930 929 932 931 931 931 931 931 930 930 930 929 931 931 931 931 931 930
 930 930 930 930 931 931 931 931 930 930 930 930 930 930 932 932 931 931
 930 930 930 930 930 930 932 932 932 931 931 930 930 930 930 930 932 932
 932 931 931 931 930 930 929 929 932 932 932 931 931 931 930 930 929 929
 932 932 933 932 931 931 930 930 929 929], 0.44436, -0.003864, -1.784569910338802, 
1712954320798069640, 550, 241, 24.517473220825195, 930, [931 931 931 931 930 930 930 930 930 929 931 931 931 931 930 930 930 930
 930 929 931 931 931 931 930 930 930 930 930 929 931 931 931 931 930 930
 930 930 930 929 931 931 931 931 930 930 930 930 930 930 931 931 931 930
 930 930 930 930 930 930 932 932 931 930 930 930 930 930 930 930 932 932
 931 931 930 930 930 930 930 930 932 932 932 931 931 930 930 930 930 930
 932 932 932 931 931 931 930 931 930 930], 0.44436, -0.001932, -1.8305073116344315, 
1712954320832146460, 550, 243, 24.520498275756836, 930, [ 931  931  931  931  930  930  930  930  929  929  931  931  931  931
  931  931  930  930  930  929  931  931  931  931  931  931  930  930
  930  930  932  931  931  931  931  930  930  930  930  930  932  932
  931  931  931  930  930  930  930  930  932  932  931  931  931  930
  930  930  930  930  932  932  932  931  931  930  930  930  929  929
  932  932  932  931  931  930  930  930  929  929  932  932  932  932
  931  931  930  930 2047 2047  932  932  933  932  931 2047  931 2047
 2047 2047], 0.44436, -0.005795999999999999, -1.7891901993948274, 
1712954320866108933, 550, 243, 24.38823699951172, 930, [ 931  931  931  931  930  930  930  930  930  930  931  931  931  931
  931  930  930  930  930  930  931  931  931  931  931  930  930  930
  930  930  931  931  931  931  930  930  930  930  930  930  932  932
  931  931  930  930  930  930  930  930  932  932  931  931  931  930
  930  930  929  929  932  932  932  931  931  930  930  930  929  929
  932  932  932  932  931  930  930  930  929  929  932  932  932  932
  931  930  930  929  929 2047  932  932  933  932  931  930 2047 2047
 2047 2047], 0.44436, -0.005795999999999999, -1.8200106920898678, 
1712954320898088091, 549, 243, 24.627605438232422, 931, [ 931  931  931  931  931  930  930  930  930  930  931  931  931  931
  931  930  930  930  930  930  931  931  931  931  931  931  930  930
  930  930  932  931  931  931  930  930  930  930  930  930  932  932
  931  931  930  930  930  930  930  930  932  932  931  931  931  931
  930  930  930  930  932  932  932  932  931  931  930  930  930  930
  932  932  932  932  931  931  931  931  931  930  932  932  932  932
  932  931  931  931  931 2047  932  932  932  933  932  932  932  932
 2047 2047], 0.44290889999999994, -0.0058023, -1.702055670738107, 
1712954320932103540, 550, 242, 24.738733291625977, 930, [ 932  931  931  931  930  930  930  930  930  929  932  931  931  931
  930  930  930  930  930  930  931  931  931  931  930  930  930  930
  930  930  931  931  931  931  930  930  930  930  930  930  931  931
  931  930  930  930  930  930  930  930  932  931  931  930  930  930
  930  930  930  930  932  932  932  931  930  930  930  930  930  929
  932  932  932  931  931  930  930  930  929  929  932  932  932  931
  931  930  930  930  929  929  932  932  932  932  931  931 2047 2047
 2047 2047], 0.44436, -0.003864, -1.7826572203576305, 
1712954320966040425, 550, 243, 24.520498275756836, 930, [ 931  931  931  931  930  930  930  930  930  929  931  931  931  931
  930  930  930  930  930  929  931  931  931  931  931  930  930  930
  930  930  932  931  931  931  930  930  930  930  930  930  932  931
  931  930  930  930  930  930  930  930  932  931  931  931  930  930
  930  930  930  930  932  931  932  931  931  930  930  930  930  930
  932  932  932  931  931  931  931  931  930  930  932  931  932  931
  931  931  931 2047 2047 2047  932  932  932  932  932  932 2047 2047
 2047 2047], 0.44436, -0.005795999999999999, -1.7745573777672825, 
1712954320998111220, 550, 243, 24.520498275756836, 930, [ 931  931  931  930  930  930  930  930  930  929  931  931  931  931
  930  930  930  930  930  930  931  931  931  931  931  930  930  930
  930  930  932  931  931  930  930  930  930  930  930  930  932  931
  931  931  930  930  930  930  930  930  932  932  932  931  931  930
  930  930  930  930  932  932  932  931  931  931  930  930  929  929
  932  932  932  931  931  931  930  930  929  929  932  932  933  932
  931  932  931 2047  929 2047  933  933  933  933  933  933 2047 2047
 2047 2047], 0.44436, -0.005795999999999999, -1.7683282799474391, 
1712954321032007867, 550, 243, 24.38823699951172, 930, [ 931  931  931  931  930  930  930  930  930  929  931  931  931  931
  931  931  930  930  930  929  931  931  931  931  931  931  930  930
  930  930  932  931  931  931  930  930  930  930  930  930  932  932
  932  931  930  930  930  930  930  930  932  932  932  931  931  930
  930  930  930  930  932  932  932  931  931  930  930  930  929  929
  932  932  932  931  931  930  930  930  929  929  932  932  932  931
  931  930  930  930  929 2047  932  932  932  932  931  930 2047 2047
 2047 2047], 0.44436, -0.005795999999999999, -1.7016889163955573, 
1712954321066250912, 550, 243, 24.520498275756836, 930, [ 931  931  931  931  930  930  930  930  930  929  931  931  931  931
  931  930  930  930  930  930  931  931  931  931  930  930  930  930
  930  930  931  931  931  930  930  930  930  930  930  930  932  931
  931  930  930  930  930  930  930  930  932  931  931  931  930  930
  930  930  930  930  932  931  931  931  930  930  930  930  930  930
  932  932  932  931  930  930  930  930  930  930  932  932  932  931
  930  930  930  930  930 2047  932  932  933  932  931  930  930 2047
 2047 2047], 0.44436, -0.005795999999999999, -1.7599450549246318, 
1712954321098409089, 550, 242, 24.533233642578125, 930, [ 932  932  931  931  930  930  930  930  930  929  932  931  931  931
  930  930  930  930  930  929  932  931  931  931  931  930  930  930
  930  930  931  931  931  931  931  930  930  930  930  930  932  931
  931  930  930  930  930  930  930  930  932  931  931  930  930  930
  930  930  930  930  932  931  931  931  930  930  930  930  930  930
  932  932  932  931  931  930  930  930  930  930  932  932  932  931
  931  931  930  930  930 2047  932  932  932  932  931  931 2047 2047
 2047 2047], 0.44436, -0.003864, -1.762935278451391, 
1712954321132510254, 550, 242, 24.667892456054688, 930, [ 931  931  931  931  930  930  930  930  930  929  931  931  931  931
  930  930  930  930  930  930  931  931  931  931  931  931  930  930
  930  930  931  931  931  931  931  931  930  930  930  930  931  931
  931  931  930  930  930  930  930  930  932  932  931  931  931  930
  930  930  930  930  932  932  931  931  931  931  931  930  930  930
  932  932  932  931  931  931  931  930  930  930  932  932  932  932
  931  932  931  931  930  930  932  932  933  932  931  932  932  932
 2047 2047], 0.44436, -0.003864, -1.7439675276616808, 
1712954321166319755, 550, 242, 24.53972816467285, 930, [ 932  931  931  931  930  930  930  930  930  929  931  931  931  931
  930  930  930  930  930  929  931  931  931  931  931  930  930  930
  930  930  931  931  931  931  931  930  930  930  930  930  932  931
  931  931  930  930  930  930  930  930  932  932  931  931  930  930
  930  930  930  930  932  931  931  931  931  930  930  930  930  930
  932  931  932  931  931  930  930  930  930  930  932  931  932  931
  931  930  930  930  929  929  932  932  932  931  931  931  931 2047
 2047 2047], 0.44436, -0.003864, -1.7544849127847026, 
1712954321198556591, 549, 244, 25.000099182128906, 931, [ 931  931  931  931  931  931  930  930  930  930  931  931  931  931
  931  931  931  930  930  930  931  931  931  931  931  931  930  930
  930  930  932  932  931  931  931  931  930  930  931  930  932  932
  931  932  931  931  931  931  931  930  932  932  932  932  931  931
  931  931  931  930  932  932  932  932  931  931  931  931  930  930
  932  932  932  932  931  931  932  932 2047 2047  932  932  932  933
  932 2047 2047 2047 2047 2047  932  932  933 2047 2047 2047 2047 2047
 2047 2047], 0.44290889999999994, -0.0077364, -1.7062343751844873, 
1712954321232237591, 550, 242, 24.533233642578125, 930, [ 932  931  931  931  930  930  930  930  929  929  932  931  931  931
  931  930  930  930  930  929  932  932  931  931  931  931  930  930
  930  930  931  931  931  931  931  931  930  930  930  930  932  931
  931  931  931  930  930  930  930  930  932  932  932  931  931  930
  930  930  930  930  932  932  932  931  931  931  930  930  930  930
  932  932  932  931  931  931  930  930  930  930  932  932  932  932
  931  931  931  931  930  930  932  932  932  932  931  932  931  931
 2047 2047], 0.44436, -0.003864, -1.762047518795832, 
1712954321266118757, 550, 242, 25.1098575592041, 930, [ 931  931  931  931  930  930  930  930  929  929  931  931  931  931
  930  930  930  930  930  929  931  931  931  931  931  930  930  930
  930  930  931  931  931  931  931  931  930  930  930  930  931  931
  931  931  930  930  930  930  930  930  932  931  931  931  931  930
  930  930  930  930  932  931  931  931  931  930  930  930  930  930
  932  932  932  931  931  931  930  930  929  930  932  932  932  931
  931  931  930  930  929  930  932  932  932  932  932  932 2047  930
  930 2047], 0.44436, -0.003864, -1.765961822383065, 
1712954321299062921, 550, 242, 24.42344856262207, 930, [ 932  932  931  931  930  930  930  930  930  930  932  931  931  931
  931  930  930  930  930  930  931  931  931  931  931  930  930  930
  930  930  931  931  931  931  931  930  930  930  930  930  931  931
  931  931  930  930  930  930  930  930  932  931  931  930  930  930
  930  930  930  930  932  931  931  930  930  930  930  930  930  930
  932  931  932  931  930  930  930  930  930  930  932  931  932  931
  931  930  930  930  929  930  931  931  932  931  931  931  930 2047
 2047 2047], 0.44436, -0.003864, -1.7426357509603168, 
1712954321334244075, 550, 242, 24.53972816467285, 930, [932 931 931 931 930 930 930 930 930 929 931 931 931 931 930 930 930 930
 930 929 931 931 931 931 930 930 930 930 930 929 931 930 930 930 930 930
 930 930 930 930 931 931 931 930 930 930 930 930 930 930 931 931 931 930
 930 930 930 930 930 930 931 931 931 930 930 930 930 930 930 930 931 931
 931 930 930 930 930 930 929 929 931 931 932 931 930 930 930 930 929 930
 931 931 932 931 930 930 930 930 930 930], 0.44436, -0.003864, -1.7652874631523274, 
1712954321368269007, 550, 243, 24.520498275756836, 930, [ 931  931  931  931  930  930  930  930  930  930  931  931  930  931
  930  930  930  930  930  930  931  931  931  931  931  930  930  930
  930  930  931  931  931  931  930  930  930  930  930  930  932  931
  931  930  930  930  930  930  930  930  932  931  931  931  930  930
  930  930  930  930  932  931  931  931  930  930  930  930  929  930
  932  932  932  931  931  930  930  930  929  930  932  932  932  931
  931  931  931  931 2047 2047  932  932  932  932  932  932  932  932
 2047 2047], 0.44436, -0.005795999999999999, -1.7744637170673763, 
1712954321400802554, 550, 242, 24.738733291625977, 930, [ 931  931  931  931  930  930  930  930  930  929  931  931  930  930
  930  930  930  930  930  930  931  931  930  931  930  930  930  930
  930  930  931  931  931  931  931  930  930  930  930  930  931  931
  931  931  930  930  930  930  930  930  932  932  931  931  930  930
  930  930  930  930  932  932  931  931  931  930  930  930  930  930
  932  932  932  931  931  931  930  930  930  930  932  932  932  931
  931  931  931  930  930  930  932  932  932  932  931  931  931  931
 2047 2047], 0.44436, -0.003864, -1.73848341431851, 
1712954321434860216, 550, 242, 24.515399932861328, 930, [932 931 931 931 930 930 930 930 930 929 931 931 931 931 930 930 930 930
 930 929 931 931 931 931 931 931 930 930 930 930 931 931 931 931 931 930
 930 930 930 930 932 931 931 931 930 930 930 930 930 930 932 931 931 931
 930 930 930 930 930 930 932 932 931 931 931 930 930 930 930 930 932 932
 932 931 931 930 930 930 930 930 932 932 932 931 931 931 930 930 929 929
 932 932 932 932 931 931 930 930 929 929], 0.44436, -0.003864, -1.7375958524870032, 
1712954321467152131, 549, 243, 24.384523391723633, 930, [ 931  931  931  931  931  930  930  930  930  930  931  931  931  931
  931  930  930  930  930  930  931  931  931  931  931  931  930  930
  930  930  932  931  931  931  931  930  930  930  930  930  932  932
  931  931  931  930  930  930  930  930  932  932  932  931  931  930
  930  930  930  930  932  932  932  931  931  931  930  930  930  930
  932  932  932  932  931  931  930  930  930  930  932  932  932  932
  931  930  930  930  930  929  932  932  932  933  932  932  931  930
 2047 2047], 0.442428, -0.005795999999999999, -1.723480241329615, 
1712954321503696011, 550, 243, 24.520498275756836, 930, [931 931 931 931 930 930 930 930 930 930 931 931 931 931 931 930 930 930
 930 930 931 931 931 931 931 931 930 930 930 930 931 931 931 931 931 930
 930 930 930 930 932 931 931 931 931 930 930 930 930 930 932 932 931 931
 931 930 930 930 930 930 932 931 931 931 931 931 930 930 930 930 932 932
 932 931 931 931 930 930 929 930 932 932 932 931 931 931 930 931 929 929
 932 931 932 931 931 931 931 791 791 790], 0.44436, -0.005795999999999999, -1.740484289513811, 
1712954321553736878, 550, 243, 24.52226448059082, 930, [ 931  931  930  930  930  930  930  930  930  929  931  931  930  931
  930  930  930  930  930  930  931  931  931  931  931  930  930  930
  930  930  931  931  931  930  930  930  930  930  930  930  931  931
  931  931  930  930  930  930  930  930  932  931  931  931  931  930
  930  930  930  930  932  932  932  931  931  931  930  930  929  929
  932  932  932  931  931  931  931  930  929  929  932  932  932  931
  931  931  931 2047 2047 2047  932  932  932  931  931 2047 2047 2047
 2047 2047], 0.44436, -0.005795999999999999, -1.7656633610585075, 
1712954321587849082, 550, 244, 24.667892456054688, 930, [ 931  931  931  931  930  930  930  930  930  930  931  931  931  931
  931  930  930  930  930  930  931  931  931  931  930  930  930  930
  930  930  931  931  931  930  930  930  930  930  930  930  931  931
  931  930  930  930  930  930  929  929  931  931  931  931  930  930
  930  929  929  929  931  931  931  931  930  930  930  929  929  929
  931  931  931  931  931  930 2047 2047 2047 2047  931  931  931  931
  930  930 2047 2047 2047 2047  932  931 2047 2047 2047 2047 2047 2047
 2047 2047], 0.44436, -0.007728, -1.6991572755318989, 
1712954321620806168, 549, 244, 25.145397186279297, 931, [931 931 931 930 931 930 930 930 930 930 931 931 931 931 931 931 930 930
 930 930 931 931 931 931 930 930 930 930 930 930 932 931 931 931 931 930
 930 930 930 930 931 931 931 931 931 930 930 930 930 930 932 931 931 931
 931 931 930 930 930 929 932 932 932 932 931 931 931 930 930 929 931 931
 931 932 931 930 930 930 791 793 931 931 931 932 931 931 931 931 791 791
 931 931 931 931 931 931 931 931 790 790], 0.44290889999999994, -0.0077364, -1.70249578704131, 
1712954321652657254, 550, 242, 24.86473274230957, 930, [931 931 931 931 930 930 930 930 930 930 931 931 931 930 930 930 930 930
 930 930 931 931 931 930 930 930 930 930 930 930 931 931 931 931 930 930
 930 930 930 930 932 931 931 931 930 930 930 930 930 930 932 932 931 931
 930 930 930 930 930 930 932 931 931 931 930 930 930 930 930 930 932 931
 931 931 930 930 930 930 929 929 932 932 932 931 930 930 930 930 929 929
 932 932 932 932 930 930 930 930 930 791], 0.44436, -0.003864, -1.7953079544645125, 
1712954321686564771, 550, 244, 24.667892456054688, 930, [931 931 931 931 930 930 930 930 930 929 931 931 931 931 931 930 930 930
 930 930 931 931 931 931 930 930 930 930 930 930 932 932 931 931 930 930
 930 930 930 930 932 932 932 931 930 930 930 930 930 930 932 932 932 931
 931 930 930 930 930 930 932 932 932 932 931 931 930 930 930 930 932 932
 932 931 930 931 930 930 930 930 932 932 933 932 930 930 930 930 792 792
 932 933 933 930 930 930 930 787 789 789], 0.44436, -0.007728, -1.7091733196753212, 
1712954321720521864, 549, 244, 24.74410057067871, 931, [ 931  931  931  931  931  930  930  930  930  930  931  931  931  931
  931  930  930  930  930  930  932  932  931  931  931  930  930  930
  930  930  932  932  932  931  931  930  930  930  930  930  932  932
  931  931  931  930  930  930  930  930  932  932  932  932  931  931
  930  930  930  930  932  932  932  932  931  931  930  930  930  929
  932  932  932  932  932  931  931  930  930  929  932  932  932  933
  932  932  931  931 2047 2047  933  933  933  933  933  933  933  933
 2047 2047], 0.44290889999999994, -0.0077364, -1.7362598720709732, 
1712954321752873090, 550, 243, 24.520498275756836, 930, [ 931  931  931  931  930  930  930  930  930  929  931  931  931  931
  931  931  930  930  930  930  931  931  931  931  931  930  930  930
  930  930  931  931  931  931  930  930  930  930  930  930  932  931
  931  931  930  930  930  930  930  930  931  931  931  931  931  930
  930  930  930  930  931  931  931  931  931  930  930  930  930  930
  932  932  932  931  931  930  930  930  929  930  932  932  932  931
  931  931  930  930 2047 2047  932  932  932  931  931  931  931  785
 2047 2047], 0.44436, -0.005795999999999999, -1.7393231612837348, 
1712954321788482904, 550, 243, 24.824481964111328, 930, [931 931 930 930 930 930 930 930 930 930 931 931 930 930 930 930 930 930
 930 930 930 930 930 930 930 930 930 930 930 930 931 931 930 930 930 930
 930 930 930 930 931 931 931 930 930 930 930 930 930 930 931 931 931 930
 930 930 930 930 930 930 931 931 931 930 930 930 930 930 929 930 932 931
 931 930 930 930 930 930 929 929 931 931 931 931 930 930 929 930 929 929
 931 931 932 931 930 929 929 929 929 929], 0.44436, -0.005795999999999999, -1.7671340632235983, 
1712954321820690672, 550, 242, 24.865219116210938, 930, [ 931  931  931  931  930  930  930  930  929  928  931  931  931  931
  931  930  930  930  929  929  931  931  931  931  931  931  930  930
  930  929  931  931  931  931  931  930  930  930  930  930  931  931
  931  931  930  930  930  930  930  930  932  931  931  931  930  930
  930  930  930  930  931  931  931  931  930  930  930  930  930  930
  932  931  931  931  930  930  930  930  930  929  932  931  932  931
  930  930  930  930  929  929  931  931  932  931  930  930  930  930
 2047 2047], 0.44436, -0.003864, -1.7731230858546683, 
1712954321855493900, 549, 244, 24.86473274230957, 930, [ 931  931  931  931  931  931  931  930  930  930  931  931  931  931
  931  931  930  930  930  930  932  931  931  931  931  930  930  930
  930  930  932  932  931  931  930  930  930  930  930  930  932  932
  931  931  931  930  930  930  930  930  932  931  931  931  931  930
  930  930  930  929  932  932  931  932  931  930  930  930  930  929
  932  931  931  932  931  931  931  930  930  929  931  931  931  932
  931  930  930  930  930 2047  932  932  932  932  932  932  932  786
 2047 2047], 0.442428, -0.007728, -1.7070532374763816, 
1712954321887994649, 550, 243, 24.520498275756836, 930, [ 932  931  931  931  930  930  930  930  930  929  931  931  931  931
  930  930  930  930  930  930  931  931  931  931  930  930  930  930
  930  930  931  931  931  930  930  930  930  930  930  930  932  931
  931  930  930  930  930  930  930  930  931  931  931  930  930  930
  930  930  929  930  931  931  931  930  930  930  930  930  929  929
  931  931  931  931  930  930  930  930  929  929  931  931  932  931
  931  930  930  930  930  791  931  931  932  932  931  931  931  931
 2047  791], 0.44436, -0.005795999999999999, -1.6913341917545774, 
1712954321920881035, 550, 243, 24.399206161499023, 930, [ 931  931  931  931  930  930  930  930  930  930  931  931  931  931
  931  931  930  930  930  930  931  931  931  931  931  931  930  930
  930  930  931  931  931  931  930  930  930  930  930  930  932  932
  932  931  931  930  930  930  930  930  932  931  932  931  931  930
  930  930  930  930  932  932  932  931  931  931  931  930  930  930
  932  932  932  931  931  931  931  931  930  930  932  932  932  931
  931  931 2047 2047 2047 2047  932  932  933  931  930 2047 2047 2047
 2047 2047], 0.44436, -0.005795999999999999, -1.7154591317640928, 
1712954321956207451, 549, 243, 24.384523391723633, 930, [ 932  932  932  931  931  930  930  930  930  930  931  932  931  931
  931  930  930  930  930  930  931  931  931  931  931  931  930  930
  930  930  932  932  931  931  931  930  930  930  930  930  932  932
  932  932  931  930  930  930  930  930  932  932  932  932  931  930
  930  930  930  930  932  932  932  932  931  931  930  930  930  929
  932  932  932  932  932  931  931  931  930  929  932  932  932  933
  932  931  931  930 2047 2047  932  932  933  933  932  932  932 2047
 2047 2047], 0.442428, -0.005795999999999999, -1.7208874940142302, 
1712954321986768893, 549, 243, 24.87010955810547, 930, [ 931  931  931  931  930  930  930  930  930  930  931  931  931  931
  931  930  930  930  930  930  931  931  931  931  931  930  930  930
  930  930  932  931  931  931  931  930  930  930  930  930  932  932
  932  931  931  930  930  930  930  930  932  932  932  931  931  930
  930  930  930  930  932  932  932  932  931  930  930  930  930  930
  932  932  932  932  931  931  930  930  931  930  932  932  932  932
  932  931  931  931 2047 2047  932  932  932  933  932  931  931 2047
 2047 2047], 0.442428, -0.005795999999999999, -1.7271902421456342, 
1712954322020956411, 549, 243, 24.747770309448242, 930, [ 931  931  931  931  930  930  930  930  930  930  931  931  931  931
  931  930  930  930  930  930  931  931  931  931  931  930  930  930
  930  930  931  931  931  931  930  930  930  930  930  930  932  931
  931  931  930  930  930  930  930  930  932  931  931  931  930  930
  930  930  930  930  932  931  931  931  930  930  930  930  930  930
  932  931  931  932  931  930  930  930  930  930  932  931  931  932
  931  930  930 2047 2047 2047  931  931  931  932  930  930  930 2047
 2047 2047], 0.442428, -0.005795999999999999, -1.7242810724142072, 
1712954322055922182, 550, 243, 24.572614669799805, 930, [ 932  931  931  931  930  930  930  930  930  930  931  931  931  931
  931  930  930  930  930  930  931  931  931  931  930  930  930  930
  930  930  931  931  931  930  930  930  930  930  930  930  932  932
  931  930  930  930  930  930  930  930  932  931  931  931  930  930
  930  930  930  930  932  931  931  931  930  930  930  930  929  929
  932  931  932  931  930  930  930  930  929  930  931  931  932  931
  930  930  930  930  929 2047  932  932  932  931  930  930 2047 2047
 2047 2047], 0.44436, -0.005795999999999999, -1.769143651109319, 
1712954322087135189, 550, 243, 24.605512619018555, 930, [ 931  931  931  930  930  930  930  930  930  929  931  931  931  931
  931  930  930  930  930  930  931  931  931  931  930  930  930  930
  930  930  931  931  931  930  930  930  930  930  930  929  931  931
  931  931  930  930  930  930  930  930  932  931  931  931  930  930
  930  930  930  930  932  931  932  931  931  931  930  930  930  930
  932  932  932  931  931  931  930  930  930  930  932  932  932  931
  931  931  930  930 2047 2047  931  932  932  931  930  930  930 2047
 2047 2047], 0.44436, -0.005795999999999999, -1.7412108831336064, 
1712954322120720418, 549, 244, 24.87913703918457, 930, [ 931  931  931  931  931  931  931  930  930  930  931  931  931  931
  931  931  930  930  930  930  932  931  931  931  931  930  930  930
  930  930  932  932  932  931  931  930  930  930  930  930  932  932
  932  931  931  930  930  930  930  930  932  932  932  931  931  930
  930  930  930  930  932  932  932  932  931  930  930  930  930  929
  932  932  932  932  931  931  930  931 2047 2047  932  932  932  933
  932  931  930  930 2047 2047  933  932  933  933  933  933 2047 2047
 2047 2047], 0.442428, -0.007728, -1.7078358206174105, 
1712954322154699074, 550, 241, 24.517473220825195, 930, [931 931 931 931 930 930 930 929 929 928 931 931 931 931 930 930 930 930
 929 929 931 931 931 931 930 930 930 930 929 929 931 931 931 931 931 930
 930 930 930 929 931 931 931 931 931 930 930 930 930 930 931 931 931 931
 930 930 930 930 930 930 932 931 931 931 930 930 930 930 930 930 932 932
 932 931 930 930 930 930 930 930 932 932 932 931 930 930 930 930 930 930
 932 932 932 931 930 930 930 930 930 930], 0.44436, -0.001932, -1.8132298073381563, 
1712954322186721804, 549, 243, 25.02392578125, 930, [ 931  931  931  931  931  930  930  930  930  930  931  931  931  931
  931  931  931  930  930  930  931  931  931  931  931  930  930  930
  930  930  931  931  931  931  931  930  930  930  930  930  932  931
  931  931  931  930  930  930  930  930  932  932  931  931  931  930
  930  930  930  930  932  932  932  931  931  930  930  930  930  929
  932  932  932  932  931  930  930  930  930  929  932  931  932  932
  931  930  930  930  930 2047  932  932  932  933  932  930  929  929
  929 2047], 0.442428, -0.005795999999999999, -1.6994364953303978, 
1712954322220852874, 549, 243, 25.02392578125, 931, [ 931  931  931  931  931  930  930  930  930  930  931  931  931  931
  931  931  930  930  930  930  931  931  931  931  931  931  930  930
  930  930  932  932  931  931  931  930  930  930  930  930  932  932
  932  932  931  930  930  930  930  930  932  932  932  932  931  931
  930  930  930  930  932  932  932  932  931  931  930  930  930  929
  932  932  932  932  931  931  930  930  930  929  932  932  932  933
  932  931  930  930  930  929  932  932  933  933  933  931 2047 2047
 2047 2047], 0.44290889999999994, -0.0058023, -1.7465215734187989, 
1712954322254641740, 550, 243, 24.521020889282227, 930, [ 932  931  931  931  930  930  930  930  929  929  931  931  931  931
  931  930  930  930  930  930  931  931  931  931  931  930  930  930
  930  930  932  931  931  931  930  930  930  930  930  930  932  932
  931  930  930  930  930  930  930  930  932  931  931  931  930  930
  930  930  930  930  932  931  931  931  930  930  930  930  929  929
  932  932  932  931  930  930  929  929  929  929  932  931  932  931
  930  930  929 2047 2047 2047  932  932  933  932  931  930 2047 2047
 2047 2047], 0.44436, -0.005795999999999999, -1.705864744938533, 
1712954322286589738, 549, 243, 24.76637077331543, 930, [931 931 931 931 931 930 930 930 930 930 931 931 931 931 931 930 930 930
 930 930 931 931 931 931 931 930 930 930 930 930 931 931 931 931 931 930
 930 930 930 930 932 932 931 931 931 930 930 930 930 930 932 932 931 931
 931 930 930 930 930 930 932 932 931 932 931 930 930 930 930 929 932 932
 932 932 931 930 930 930 930 929 932 932 932 932 931 930 930 929 929 929
 932 932 932 932 931 929 927 927 927 787], 0.442428, -0.005795999999999999, -1.6978118351712452, 
1712954322320620830, 550, 242, 24.738733291625977, 930, [ 932  931  931  931  931  930  930  930  930  929  931  931  931  931
  931  930  930  930  930  930  931  931  931  931  931  931  930  930
  930  930  931  931  931  931  931  930  930  930  930  930  931  931
  931  931  930  930  930  930  930  930  932  931  931  931  930  930
  930  930  930  930  932  931  931  931  930  930  930  930  930  930
  932  931  932  931  930  930  930  930  930 2047  932  932  932  931
  930  930  930  930 2047 2047  932  932  932  931  931  930 2047 2047
 2047 2047], 0.44436, -0.003864, -2.111973936696114, 
1712954322354859705, 549, 244, 25.301408767700195, 931, [931 931 931 931 931 931 931 930 930 930 931 931 931 931 931 931 931 930
 930 930 931 931 931 931 931 930 930 930 930 930 932 932 932 931 931 931
 930 930 930 930 932 932 931 931 931 931 930 930 930 930 932 932 932 932
 931 931 930 930 930 930 932 932 932 932 931 931 931 931 930 929 932 932
 932 932 931 930 930 930 930 794 932 932 932 932 931 930 930 930 793 793
 932 931 931 931 931 931 792 792 792 792], 0.44290889999999994, -0.0077364, -1.6996694715240024, 
1712954322386939073, 549, 242, 24.914703369140625, 930, [931 932 931 931 931 931 930 930 930 930 931 932 931 931 931 930 930 930
 930 930 931 931 931 931 931 931 930 930 930 930 931 931 931 931 931 931
 930 930 930 930 932 931 931 931 931 930 930 930 930 930 932 932 931 931
 931 930 930 930 930 930 932 932 931 931 931 930 930 930 930 930 932 932
 932 932 931 930 930 930 930 930 932 932 932 932 931 931 930 930 930 929
 932 932 932 932 932 931 930 930 930 929], 0.442428, -0.003864, -1.7892259745026422, 
1712954322421496258, 549, 243, 24.384523391723633, 931, [931 931 931 930 930 930 930 930 930 930 931 931 931 931 931 931 930 930
 930 930 931 931 931 931 931 931 930 930 930 930 932 931 931 931 931 930
 930 930 930 930 932 932 931 931 931 931 930 930 930 930 932 932 932 931
 931 931 931 930 930 930 932 932 932 932 931 931 931 930 930 929 932 932
 932 932 932 931 931 931 930 929 932 932 932 932 932 931 931 931 930 929
 932 932 932 932 932 931 931 931 931 784], 0.44290889999999994, -0.0058023, -1.7753229580187022, 
1712954322455030911, 550, 244, 25.34768295288086, 930, [ 931  931  931  931  931  930  930  930  930  930  931  931  931  931
  931  930  930  930  930  930  931  931  931  931  930  930  930  930
  930  930  931  931  931  930  930  930  930  930  930  930  931  931
  931  931  930  930  930  930  930  930  931  931  931  931  931  930
  930  930  929  929  932  931  932  931  931  931  930  930  929  930
  931  931  932  931  931  931  930  930  929 2047  932  931  932  931
  931 2047 2047 2047 2047 2047  932  932  932  932  932 2047 2047 2047
 2047 2047], 0.44436, -0.007728, -1.7335595680250282, 
1712954322489921768, 549, 242, 24.911684036254883, 930, [931 931 931 931 931 930 930 930 930 930 931 931 931 931 930 930 930 930
 930 929 931 931 931 930 931 930 930 930 930 930 931 931 931 931 931 931
 930 930 930 930 931 931 931 931 931 930 930 930 930 930 932 932 931 931
 930 930 930 930 930 930 932 931 931 931 931 931 930 930 930 930 932 932
 931 931 931 931 931 930 930 929 932 932 931 932 931 931 931 930 930 929
 931 931 931 932 931 931 931 930 929 927], 0.442428, -0.003864, -1.8178536861852126, 
1712954322523781491, 550, 244, 24.824481964111328, 930, [ 931  931  931  931  931  930  930  930  930  930  931  931  931  931
  931  930  930  930  930  930  931  931  931  930  930  930  930  930
  930  930  932  931  931  930  930  930  930  930  930  930  931  931
  931  931  930  930  930  930  930  930  932  931  932  931  931  930
  930  930  930  930  932  932  932  931  930  930  930  930  929  929
  932  932  932  931  930  930  930  930  929 2047  932  932  932  932
  931  930  930  930 2047 2047  932  932  933  933  930  930  930  785
 2047 2047], 0.44436, -0.007728, -1.7567059393460784, 
1712954322579984802, 550, 242, 24.738733291625977, 930, [ 931  931  930  931  930  930  930  930  929  929  931  931  930  930
  930  930  930  930  930  929  931  931  930  931  930  930  930  930
  930  929  931  930  930  930  930  930  930  930  930  930  931  931
  930  930  930  930  930  930  930  930  931  931  931  930  930  930
  930  930  930  930  932  931  931  930  930  930  930  930  930  930
  932  931  931  931  930  930  930  930  930  930  932  932  932  931
  931  930  930  930  930  930  932  932  932  931  931  931  930  931
  930 2047], 0.44436, -0.003864, -1.8161732967587894, 
1712954322628574524, 550, 241, 24.865219116210938, 931, [932 932 932 932 931 931 931 931 931 931 932 932 932 932 931 931 931 931
 931 931 932 932 932 932 931 931 931 931 931 931 932 932 932 932 932 932
 931 931 931 931 932 932 932 932 932 931 931 931 931 931 932 932 932 932
 931 931 931 931 931 931 933 932 932 931 931 931 931 931 931 931 933 932
 932 931 931 931 931 931 930 930 933 932 932 931 931 931 931 931 930 930
 933 932 933 932 931 931 931 931 930 930], 0.444843, -0.0019341, -1.7917907892570177, 
1712954322680598069, 550, 242, 24.53972816467285, 931, [ 932  932  932  932  931  931  931  931  930  929  933  932  932  932
  931  931  931  931  931  930  932  932  932  932  931  931  931  931
  931  930  932  932  932  931  931  931  931  931  931  931  932  932
  932  931  931  931  931  931  931  931  932  932  932  931  931  931
  931  931  931  931  932  932  932  931  931  931  931  931  931  931
  932  932  932  931  931  931  931  931  931  931  932  932  932  931
  931  931  931  931  931 2047  932  932  932  932  932  931  931 2047
 2047 2047], 0.444843, -0.0038682, -1.8129377272900624, 
1712954322717936205, 550, 244, 24.667892456054688, 932, [ 932  932  932  932  932  932  931  931  931  930  932  932  932  932
  932  931  931  931  931  931  933  932  932  932  931  931  931  931
  931  931  933  933  932  932  931  931  931  931  931  931  933  933
  932  932  932  931  931  931  931  931  933  933  933  932  932  932
  931  931  930  930  933  933  933  933  932  932  931  931  930  930
  933  933  933  933  932  932  931  931  930 2047  933  933  934  933
  933  933 2047 2047 2047 2047  933  934  934 2047 2047 2047 2047 2047
 2047 2047], 0.44532599999999994, -0.0077448, -1.7652700029234616, 
1712954322757800207, 549, 244, 24.74410057067871, 931, [ 932  932  932  932  932  932  931  931  931  931  932  932  932  932
  932  932  931  931  931  931  932  932  932  932  932  931  931  931
  931  931  933  933  932  932  932  931  931  931  931  931  933  933
  932  932  932  931  931  931  931  931  933  933  932  932  932  931
  931  931  931  930  933  933  932  933  932  932  931  931  931  930
  933  933  932  933  932  932  932  932  932  931  933  933  933  933
  933  933 2047 2047 2047 2047  933  933  933  933 2047 2047 2047 2047
 2047 2047], 0.44290889999999994, -0.0077364, -1.7919302392582648, 
1712954322798985383, 550, 243, 24.520498275756836, 931, [ 932  932  931  931  931  931  931  931  931  931  932  932  931  931
  931  931  931  931  931  931  932  931  931  931  931  931  931  931
  931  931  932  932  932  931  931  931  931  931  931  931  933  932
  932  931  931  931  931  931  931  931  933  932  932  931  931  931
  931  931  931  931  932  932  932  931  931  931  931  931  930  931
  933  933  933  932  931  931  931  931  930  930  933  932  933  932
  931  931  931  931 2047 2047  933  933  934  933  932  932  931 2047
  931 2047], 0.444843, -0.0058023, -1.7683067569416053, 
1712954322843537841, 549, 243, 24.384523391723633, 931, [932 932 932 932 931 931 931 931 931 931 932 932 932 931 931 931 931 931
 931 931 932 932 931 931 931 931 931 931 931 931 932 932 931 931 931 931
 931 931 931 931 933 932 932 932 931 931 931 931 931 930 933 932 932 932
 931 931 931 931 931 931 933 932 932 932 932 931 931 931 931 930 933 933
 932 933 932 931 931 931 931 930 933 932 932 933 932 931 931 931 931 930
 933 933 933 933 932 931 931 931 931 931], 0.44290889999999994, -0.0058023, -1.7376618092949399, 
1712954322879156634, 550, 242, 24.53972816467285, 931, [ 932  932  932  932  931  931  931  931  931  930  932  932  932  931
  931  931  931  931  931  930  932  932  932  932  931  931  931  931
  931  931  932  932  932  932  932  931  931  931  931  931  932  932
  932  932  931  931  931  931  931  931  933  933  932  932  931  931
  931  931  931  931  933  932  932  932  931  931  931  931  931  931
  933  932  933  932  932  931  931  931  931  931  933  933  933  932
  932  931  931  931  930 2047  933  933  933  933  932  932  931 2047
 2047 2047], 0.444843, -0.0038682, -1.766419197628448, 
1712954322909382897, 549, 243, 24.8651065826416, 931, [ 932  933  932  932  932  932  931  931  931  930  932  932  932  932
  932  932  932  931  931  931  932  932  932  932  932  932  932  931
  931  931  933  932  932  932  932  931  931  931  931  931  933  933
  932  932  932  931  931  931  931  931  933  933  932  932  932  931
  931  931  931  931  933  933  933  933  932  931  931  931  931  931
  933  933  933  933  932  931  931  931  931  930  933  933  933  933
  933  932  931  931 2047 2047  933  933  933  934 2047 2047 2047 2047
 2047 2047], 0.44290889999999994, -0.0058023, -1.794110022068907, 
1712954322942521551, 549, 244, 24.875019073486328, 932, [ 932  932  932  932  932  932  931  931  931  931  932  932  932  932
  932  931  931  931  931  931  932  932  932  932  931  931  931  931
  931  931  933  933  932  932  931  931  931  931  931  931  933  932
  932  932  932  931  931  931  931  931  933  933  932  932  932  932
  931  931  931  931  933  933  933  933  932  932  932  932  932  931
  933  933  933  933  932  932  933  932 2047 2047  933  933  933  933
  933  933  934  934 2047 2047  933  934  934  934  934  934  934  934
 2047 2047], 0.4433898, -0.0077448, -1.7427986413446728, 
1712954322971444669, 550, 243, 24.605512619018555, 931, [ 933  932  932  932  932  931  931  931  931  931  933  933  932  932
  932  932  931  931  931  931  932  932  932  932  932  932  931  931
  931  931  933  932  932  932  932  931  931  931  931  931  933  933
  933  932  932  931  931  931  931  931  933  933  933  932  932  931
  931  931  931  931  933  933  933  932  932  932  931  931  931  930
  933  933  933  932  932  932  931  931  930  931  932  933  933  932
  932  932  931  931 2047 2047  932  933  933  932  932 2047 2047 2047
 2047 2047], 0.444843, -0.0058023, -1.789737063157773, 
1712954322998604079, 549, 243, 24.864757537841797, 931, [ 932  932  932  932  932  931  931  931  931  931  932  932  932  932
  932  932  931  931  931  931  932  932  932  932  932  932  931  931
  931  931  932  932  932  932  932  931  931  931  931  931  933  933
  932  932  931  931  931  931  931  931  933  933  932  932  932  931
  931  931  931  931  933  933  932  932  932  931  931  931  931  930
  933  933  933  933  932  931  931  931  931  930  933  933  933  933
  932  931  931  931 2047 2047  933  933  933  934  933  931  931 2047
 2047 2047], 0.44290889999999994, -0.0058023, -1.7295244076513063, 
1712954323033485552, 549, 244, 24.86473274230957, 931, [ 932  932  932  931  932  931  931  931  931  931  932  932  931  931
  932  931  931  931  931  931  932  932  932  931  931  931  931  931
  931  931  933  933  932  932  932  931  931  931  931  931  933  933
  932  932  932  931  931  931  931  931  933  933  932  932  932  931
  931  931  931  930  933  933  933  933  932  932  931  931  931  931
  933  933  933  933  933  932  932  931  932 2047  933  933  933  934
  932  932 2047 2047 2047 2047  933  933  934  934  934  934 2047 2047
 2047 2047], 0.44290889999999994, -0.0077364, -1.7261393010732555, 
1712954323066854536, 549, 243, 24.94267463684082, 931, [ 932  932  932  932  932  931  931  931  931  931  932  932  932  932
  932  932  931  931  931  931  932  932  932  932  932  932  931  931
  931  931  932  932  932  932  932  931  931  931  931  931  933  933
  932  932  932  931  931  931  931  931  933  933  932  932  932  931
  931  931  931  931  933  933  932  933  932  931  931  931  931  930
  933  933  933  933  932  931  931  931  931  930  933  932  933  933
  932  932  931  931  931  930  933  933  933  933  933  932  932 2047
 2047 2047], 0.44290889999999994, -0.0058023, -1.7284797531678737, 
1712954323098635467, 549, 244, 25.004276275634766, 931, [ 932  932  932  932  932  932  932  931  931  931  932  932  932  932
  932  932  932  931  931  931  932  932  932  932  932  931  931  931
  931  931  933  933  932  932  932  931  931  931  931  931  933  932
  932  932  932  931  931  931  931  931  933  933  932  932  932  931
  931  931  931  931  933  933  933  933  932  932  931  931  931  930
  933  933  933  933  932  932  932  932  932  932  933  933  933  933
  932  932  932  932  932 2047  933  933  933  934  934  934  934 2047
 2047 2047], 0.44290889999999994, -0.0077364, -1.7066325168959444, 
1712954323132165469, 550, 243, 24.622243881225586, 931, [ 932  932  932  932  931  931  931  931  931  931  932  932  931  932
  931  931  931  931  931  931  932  932  932  932  931  931  931  931
  931  931  932  932  932  932  931  931  931  931  931  931  933  932
  932  932  931  931  931  931  931  931  933  932  932  931  931  931
  931  931  931  931  933  932  932  932  931  931  931  931  930  930
  933  933  933  932  931  931  931  931  930  930  933  932  933  932
  931  931  930  930 2047 2047  933  933  934  933  932  932 2047 2047
  787 2047], 0.444843, -0.0058023, -1.7446107985994772, 
1712954323166731443, 549, 243, 24.880483627319336, 931, [ 932  932  932  932  931  931  931  931  931  931  932  932  932  931
  931  931  931  931  931  931  932  932  932  932  931  931  931  931
  931  931  932  932  932  932  931  931  931  931  931  931  933  933
  932  932  931  931  931  931  931  931  933  933  932  932  931  931
  931  931  931  931  933  933  932  932  932  931  931  931  931  931
  933  933  933  933  932  932  931  931  931  930  933  933  933  933
  932  932  932  931  931  931  933  933  933  933  932  932  932  932
  787 2047], 0.44290889999999994, -0.0058023, -1.7202025363205755, 
1712954323198050310, 550, 243, 25.005098342895508, 931, [ 933  932  932  932  931  931  931  931  930  930  932  932  932  932
  931  931  931  931  931  930  932  932  932  932  931  931  931  931
  931  931  933  932  932  932  931  931  931  931  931  931  933  933
  932  932  931  931  931  931  931  931  933  932  932  932  931  931
  931  931  930  930  933  932  932  932  931  931  931  931  930  930
  933  932  933  932  931  931  931  931  930 2047  932  932  933  932
  931  931  930  931  930 2047  933  933  934  933  932 2047 2047 2047
 2047 2047], 0.444843, -0.0058023, -1.7270203513979538, 
1712954323232553413, 550, 243, 24.67402458190918, 931, [ 932  932  931  931  931  931  931  931  931  930  932  932  932  932
  931  931  931  931  931  931  932  932  932  932  931  931  931  931
  931  931  932  932  932  932  931  931  931  931  931  931  933  932
  932  931  931  931  931  931  931  931  933  932  932  932  931  931
  931  931  931  931  933  932  932  932  932  931  931  931  930  930
  933  933  933  932  932  931  931  931  930  930  932  933  933  932
  932  932  931  931  930  930  932  932  933  932  931 2047 2047  786
  786  791], 0.444843, -0.0058023, -1.7096869277443285, 
1712954323266530099, 550, 242, 24.533233642578125, 931, [ 932  932  932  932  931  931  931  931  931  930  932  932  932  931
  931  931  931  931  931  931  932  932  931  932  931  931  931  931
  931  931  932  932  932  931  932  931  931  931  931  931  932  932
  932  931  931  931  931  931  931  931  933  932  932  931  931  931
  931  931  931  931  932  932  932  931  931  931  931  931  931  931
  933  932  932  932  931  931  931  931  930  931  933  933  933  932
  931  931  931  931  930  930  933  932  933  932  931  931  930  931
  930 2047], 0.444843, -0.0038682, -1.7776544294180963, 
1712954323298474582, 550, 243, 24.52226448059082, 931, [ 932  932  931  931  931  931  931  931  931  931  932  931  931  931
  931  931  931  931  931  931  931  931  931  931  931  931  931  931
  931  931  932  932  931  931  931  931  931  931  931  931  932  932
  932  931  931  931  931  931  931  931  932  932  932  931  931  931
  931  931  931  931  932  932  932  931  931  931  931  931  931  931
  933  932  933  932  931  931  931  931  931  931  932  932  933  932
  932  932  932  932  931 2047  933  933  933  932  932  932  932 2047
 2047 2047], 0.444843, -0.0058023, -1.7324302506359304, 
1712954323332686741, 549, 243, 24.384523391723633, 931, [932 932 931 931 931 931 931 931 931 931 932 932 932 932 932 932 931 931
 931 931 932 932 932 932 932 932 931 931 931 931 932 932 932 932 932 931
 931 931 931 931 933 932 932 932 932 931 931 931 931 931 932 932 932 932
 932 931 931 931 931 931 933 932 932 932 932 931 931 931 931 931 933 933
 933 933 932 931 931 931 931 930 933 932 932 933 932 931 931 931 931 930
 932 932 932 933 932 931 931 931 930 930], 0.44290889999999994, -0.0058023, -1.7128603789648398, 
1712954323366595471, 550, 242, 24.457244873046875, 931, [ 932  932  931  931  931  931  931  931  931  930  932  932  931  931
  931  931  931  931  931  931  932  932  931  932  931  931  931  931
  931  931  932  932  932  932  932  931  931  931  931  931  932  932
  932  932  931  931  931  931  931  931  932  932  932  932  931  931
  931  931  931  931  933  932  932  932  932  931  931  931  931  931
  933  933  933  932  932  932  931  931  931  931  933  933  933  932
  932  932  931  931  931  931  933  933  933  933  932  932  932  932
  931 2047], 0.444843, -0.0038682, -1.7697437277454338, 
1712954323402223956, 550, 243, 24.824481964111328, 931, [ 932  932  931  931  931  931  931  931  931  930  932  932  932  932
  932  931  931  931  931  931  932  932  932  932  931  931  931  931
  931  931  932  932  932  931  931  931  931  931  931  931  932  932
  932  931  931  931  931  931  931  931  932  932  932  931  931  931
  931  931  930  930  932  932  932  931  931  931  931  931  930  930
  933  932  932  932  931  931  931  930  930  930  933  932  933  932
  931  931  930  930  930  930  933  932  933  932  931  931 2047 2047
  793  793], 0.444843, -0.0058023, -1.7441974646921463, 
1712954323433316549, 550, 242, 25.1098575592041, 931, [ 932  932  931  932  931  931  931  931  931  931  932  932  931  932
  931  931  931  931  931  931  932  932  931  932  931  931  931  931
  931  931  932  931  931  932  932  931  931  931  931  931  932  931
  931  931  931  931  931  931  931  931  932  932  931  931  931  931
  931  931  931  931  932  932  932  931  931  931  931  931  930  930
  932  932  932  932  931  931  931  931  930  930  933  933  933  932
  932  931  931  931  930  930  933  932  933  932  932  932  931 2047
 2047 2047], 0.444843, -0.0038682, -1.830872434207613, 
1712954323466622465, 550, 243, 24.520498275756836, 931, [ 932  932  931  931  931  931  931  931  931  930  932  932  931  932
  931  931  931  931  931  931  932  932  932  932  931  931  931  931
  931  931  932  932  932  931  931  931  931  931  931  931  932  932
  932  932  931  931  931  931  931  931  932  932  932  932  931  931
  931  931  931  931  932  932  932  932  931  931  931  931  931  931
  933  933  933  932  932  932  931  931  931  931  932  932  933  933
  932  933  931  931 2047 2047  933  933  934  933  933 2047  933  788
  788  791], 0.444843, -0.0058023, -1.7148063406683163, 
1712954323498317251, 550, 242, 24.824481964111328, 931, [ 932  932  932  932  931  931  931  931  931  930  932  932  932  932
  931  931  931  931  931  931  932  932  932  932  932  931  931  931
  931  931  932  932  932  932  932  931  931  931  931  931  932  932
  932  932  931  931  931  931  931  931  933  932  932  932  931  931
  931  931  931  931  932  932  932  932  932  931  931  931  931  931
  932  932  933  932  932  931  931  931  930  930  933  933  933  932
  931  931  931  931  930  930  933  933  933  933  931  931  931  931
  930 2047], 0.444843, -0.0038682, -1.7257976077065582, 
1712954323532975664, 550, 243, 24.520498275756836, 931, [ 932  932  931  931  931  931  931  931  930  930  932  932  932  932
  932  931  931  931  931  930  932  932  932  932  932  931  931  931
  931  931  932  932  932  931  931  931  931  931  931  931  932  932
  932  931  931  931  931  931  931  931  933  932  932  931  931  931
  931  931  931  931  933  932  932  932  931  931  931  931  930  930
  933  933  933  932  931  931  931  931  930  930  933  932  933  932
  932  931  931  931  930 2047  933  933  933  933  932  932  932 2047
 2047 2047], 0.444843, -0.0058023, -1.7873845021284396, 
1712954323567846613, 550, 243, 24.395174026489258, 931, [ 932  932  932  932  931  931  931  931  931  930  932  932  932  932
  932  931  931  931  931  931  932  932  932  932  932  931  931  931
  931  931  932  932  932  932  931  931  931  931  931  931  933  932
  932  931  931  931  931  931  931  931  933  932  932  932  931  931
  931  931  931  931  933  932  932  932  931  931  931  931  930  931
  933  933  933  932  932  931  931  931  930 2047  933  933  933  933
  932  932  931 2047 2047 2047  933  933  934  933  933 2047 2047 2047
 2047 2047], 0.444843, -0.0058023, -1.728449171055395, 
1712954323603159261, 550, 242, 24.425880432128906, 931, [ 932  932  932  932  931  931  930  931  930  929  932  932  932  932
  931  931  931  931  931  930  932  932  932  932  932  931  931  931
  931  931  932  932  932  932  932  931  931  931  931  931  932  932
  932  932  931  931  931  931  931  931  933  932  932  932  932  931
  931  931  931  931  933  932  932  932  931  931  931  931  931  931
  933  932  933  932  931  931  931  931  930  930  933  932  933  932
  932  931  931  931  930  930  932  933  933  933  932  932  931  931
 2047 2047], 0.444843, -0.0038682, -1.75736025499054, 
1712954323652463199, 550, 244, 24.382469177246094, 931, [ 932  932  932  932  932  932  931  931  931  931  932  932  932  932
  932  931  931  931  931  931  932  932  932  932  931  931  931  931
  931  931  933  932  932  932  931  931  931  931  931  931  933  932
  932  932  931  931  931  931  931  931  933  932  933  932  932  931
  931  931  930  930  933  933  933  932  932  931  931  931  930  930
  933  933  933  932  932  932  931 2047 2047 2047  933  933  934  933
  933  933 2047 2047 2047 2047  933  934  934  934  934  934 2047 2047
 2047 2047], 0.444843, -0.0077364, -1.7159426752872324, 
1712954323684931068, 550, 243, 24.391813278198242, 932, [ 932  932  931  932  931  931  931  931  931  930  932  932  932  932
  932  932  931  931  931  931  932  932  932  932  932  932  931  931
  931  931  932  932  932  932  932  931  931  931  931  931  932  932
  932  932  932  931  931  931  931  931  932  932  932  932  932  932
  931  931  931  931  932  932  933  932  932  932  931  931  931  931
  933  933  933  932  933  933  932  932  931  931  933  933  933  933
  933  933 2047 2047 2047 2047  933  933  933  933  933 2047 2047 2047
 2047 2047], 0.44532599999999994, -0.0058086, -1.732979457885525, 
1712954323719203422, 550, 243, 24.66939926147461, 931, [933 932 932 932 932 931 931 931 931 930 932 932 932 932 932 931 931 931
 931 931 932 932 932 932 932 931 931 931 931 931 932 932 932 932 931 931
 931 931 931 931 933 932 932 932 931 931 931 931 931 931 933 932 932 932
 931 931 931 931 931 931 933 932 932 932 931 931 931 931 930 930 933 932
 933 932 931 931 931 931 930 930 933 932 933 932 931 931 931 931 931 793
 932 933 933 932 931 930 930 930 792 792], 0.444843, -0.0058023, -1.683370162885872, 
1712954323751993196, 550, 242, 24.738733291625977, 931, [932 932 932 932 931 931 931 930 930 930 932 932 931 931 931 931 931 931
 930 930 932 932 931 932 932 931 931 931 931 930 932 932 932 932 932 931
 931 931 931 931 932 932 932 931 931 931 931 931 931 931 933 932 932 932
 931 931 931 931 931 931 933 932 932 932 931 931 931 931 931 931 933 932
 932 932 932 931 931 931 930 930 933 932 933 932 932 932 931 931 930 931
 933 933 933 932 932 932 932 932 791 791], 0.444843, -0.0038682, -1.8068720014539168, 
1712954323785215082, 549, 243, 24.738733291625977, 931, [ 932  933  932  932  932  931  931  931  931  931  932  933  932  932
  932  932  931  931  931  931  932  932  932  932  932  932  931  931
  931  931  933  932  932  932  932  931  931  931  931  931  933  933
  932  932  932  931  931  931  931  931  933  933  933  932  932  931
  931  931  931  931  933  933  933  933  932  932  931  931  931  931
  933  933  933  933  932  932  932  932  931  931  933  933  933  933
  933  932  932  932 2047 2047  933  933  933  934  933  933 2047 2047
 2047 2047], 0.44290889999999994, -0.0058023, -1.7443147236997119, 
1712954323808932104, 550, 243, 24.520498275756836, 931, [932 932 932 932 931 931 931 931 931 930 932 932 931 932 932 931 931 931
 931 931 932 932 932 932 932 931 931 931 931 931 932 932 932 932 931 931
 931 931 931 931 932 932 932 932 931 931 931 931 931 931 932 932 932 932
 931 931 931 931 931 931 933 932 932 932 931 931 931 931 930 930 933 933
 933 932 931 931 931 931 930 930 933 932 933 932 931 931 931 931 931 792
 933 933 933 932 931 931 931 931 790 792], 0.444843, -0.0058023, -1.746875731833933, 
1712954323836485966, 549, 243, 24.864757537841797, 931, [ 932  932  932  932  932  931  931  931  931  931  932  932  932  932
  932  932  931  931  931  931  932  932  932  932  932  932  931  931
  931  931  932  932  932  932  932  931  931  931  931  931  933  933
  932  932  931  931  931  931  931  931  933  933  932  932  932  931
  931  931  931  931  933  933  933  933  932  932  931  931  931  930
  933  933  933  933  932  932  931  931  931  930  933  933  933  933
  933  932  932  931 2047 2047  933  933  933  933  932  932  932  932
 2047 2047], 0.44290889999999994, -0.0058023, -1.748057472551642, 
1712954323873952125, 550, 243, 24.520498275756836, 931, [ 932  932  931  932  931  931  931  931  931  931  932  932  931  932
  931  931  931  931  931  931  932  932  932  932  932  931  931  931
  931  931  932  932  932  931  931  931  931  931  931  931  932  932
  932  931  931  931  931  931  931  931  933  932  932  932  931  931
  931  931  931  931  933  932  932  932  932  931  931  931  930  930
  933  933  933  932  932  932  931  931  930  930  933  933  933  933
  932  932  931  931  929 2047  933  933  934  933  932  933  933  933
  786 2047], 0.444843, -0.0058023, -1.771414819221393, 
1712954323904366261, 550, 243, 24.572742462158203, 931, [ 933  932  932  932  931  931  931  931  931  930  932  932  932  932
  932  931  931  931  931  931  932  932  932  932  931  931  931  931
  931  931  932  932  932  931  931  931  931  931  931  931  933  932
  932  931  931  931  931  931  931  931  933  932  932  932  931  931
  931  931  931  931  933  932  932  932  932  931  931  931  931  931
  933  933  933  932  932  932  931  931  931  931  933  933  933  933
  932  933  932  932  931 2047  933  933  934  933  933  933  932 2047
  932 2047], 0.444843, -0.0058023, -1.7179375535425425, 
1712954323934003114, 550, 242, 24.672697067260742, 931, [ 932  932  932  932  931  931  931  930  930  930  932  932  931  932
  931  931  931  931  930  930  932  932  931  932  932  931  931  931
  931  931  932  932  932  932  932  931  931  931  931  931  932  932
  932  932  931  931  931  931  931  931  933  932  932  931  931  931
  931  931  931  931  933  932  932  932  931  931  931  931  931  931
  933  933  932  932  931  931  931  931  930  930  933  933  933  932
  931  931  931  931  930  930  933  933  933  932  931  931  930  930
  793 2047], 0.444843, -0.0038682, -1.7798535282602141, 
1712954323969097115, 549, 244, 25.000410079956055, 931, [ 932  932  932  932  932  932  931  931  931  931  932  932  932  932
  932  932  931  931  931  931  932  932  932  932  932  931  931  931
  931  931  933  933  932  932  931  931  931  931  931  931  933  932
  932  932  932  931  931  931  931  930  933  932  932  932  932  931
  931  931  931  930  933  933  932  933  932  931  931  931  931  930
  933  933  932  933  932  932  931  931  931  930  933  932  932  933
  932  932  931 2047 2047 2047  933  932  933 2047 2047 2047 2047 2047
 2047 2047], 0.44290889999999994, -0.0077364, -1.7450605304771933, 
1712954323998574846, 549, 244, 24.880483627319336, 931, [ 932  932  932  932  932  932  932  931  931  931  932  932  932  932
  932  932  932  931  931  931  932  932  932  932  932  931  931  931
  931  931  933  932  932  932  932  931  931  931  931  931  933  933
  932  932  932  931  931  931  931  931  933  933  932  932  932  931
  931  931  931  930  933  933  933  933  932  932  932  931  931  930
  933  933  933  933  932  932  932  931  932 2047  933  933  933  933
  932  932  932 2047 2047  791  933  933 2047 2047 2047 2047 2047 2047
 2047  789], 0.44290889999999994, -0.0077364, -1.7336906651777588, 
1712954324032331196, 550, 243, 24.865219116210938, 931, [ 932  932  932  932  931  931  931  931  931  931  932  932  932  932
  932  931  931  931  931  931  932  932  932  932  932  931  931  931
  931  931  932  932  932  932  931  931  931  931  931  931  933  933
  932  932  931  931  931  931  931  931  933  932  932  932  931  931
  931  931  931  931  933  933  933  932  932  931  931  931  930  930
  933  933  933  933  932  932  931  931  930  930  933  933  933  932
  932  932  931  931  930 2047  932  932  933  932  931  931 2047 2047
 2047 2047], 0.444843, -0.0058023, -1.7251113094340031, 
1712954324067727677, 550, 243, 25.224096298217773, 931, [ 932  932  932  932  932  931  931  931  931  930  933  932  932  932
  932  932  931  931  931  931  933  933  932  932  932  932  931  931
  931  931  933  933  932  932  932  931  931  931  931  931  933  933
  933  932  931  931  931  931  931  930  933  933  933  932  932  931
  931  931  931  930  933  933  933  932  932  931  931  931  930  930
  933  933  933  933  932  932  931  931  930  930  933  933  934  933
  932  932  931  931  930  930  933  933  934  934  932  932  932  932
  786 2047], 0.444843, -0.0058023, -1.743686165979431, 
1712954324102680247, 549, 243, 25.16902732849121, 931, [ 932  932  932  932  931  931  931  931  931  931  932  932  932  932
  932  931  931  931  931  931  932  932  932  932  932  931  931  931
  931  931  933  933  932  932  932  931  931  931  931  931  933  933
  933  932  932  931  931  931  931  931  933  933  933  933  932  931
  931  931  931  931  933  933  933  933  932  932  931  931  931  930
  933  933  933  933  933  932  931  931  931  930  933  933  933  933
  933  932  932  931  931  931  933  933  933  933  932  932  933  933
  933 2047], 0.44290889999999994, -0.0058023, -1.723663597205946, 
1712954324133786361, 550, 244, 25.34768295288086, 931, [ 932  932  932  932  932  932  931  931  931  931  932  932  932  932
  932  932  931  931  931  931  932  932  932  932  932  931  931  931
  931  931  932  932  932  932  931  931  931  931  931  931  932  932
  932  932  932  931  931  931  930  930  932  932  932  932  932  931
  931  931  930  930  933  933  933  932  932  932  931  931  930  930
  932  932  933  932  932  932  931 2047 2047 2047  932  932  933  932
  932 2047 2047 2047 2047 2047  932  932 2047 2047 2047 2047 2047 2047
 2047 2047], 0.444843, -0.0077364, -1.711514586730971, 
1712954324167823394, 550, 243, 24.850101470947266, 931, [ 933  933  932  932  932  932  931  931  931  930  933  933  932  932
  932  932  931  931  931  930  932  932  932  932  932  932  931  931
  931  931  933  932  932  932  932  931  931  931  931  931  933  933
  932  932  931  931  931  931  931  930  933  932  932  932  931  931
  931  931  931  930  933  933  933  932  932  931  931  931  930  930
  933  933  933  932  932  931  931  931  930  930  933  933  933  932
  932  932  931  931  931 2047  933  933  933  932  932  932  932  791
  791  791], 0.444843, -0.0058023, -1.716506291114283, 
1712954324198091991, 550, 244, 25.1098575592041, 931, [ 932  932  932  932  932  931  931  931  931  931  932  932  932  932
  932  931  931  931  931  931  932  932  932  932  931  931  931  931
  931  931  933  932  932  932  931  931  931  931  931  931  933  933
  932  932  931  931  931  931  931  931  933  933  933  932  932  931
  931  931  931  931  933  933  933  932  932  931  931  931  930  930
  933  933  933  933  932  931  931  931  930  930  933  933  933  933
  932  932  932  794  794  794  933  933 2047 2047 2047 2047 2047 2047
  791  791], 0.444843, -0.0077364, -1.7339002998705062, 
1712954324234657638, 549, 243, 25.149423599243164, 932, [932 932 932 932 932 931 931 931 931 931 932 932 932 932 932 932 931 931
 931 931 932 932 932 932 932 932 931 931 931 931 932 932 932 932 932 931
 931 931 931 931 933 933 932 932 932 931 931 931 931 931 933 933 932 932
 932 932 931 931 931 931 933 933 933 933 932 932 932 931 931 931 933 933
 933 933 932 932 931 931 931 930 933 933 933 933 932 932 932 931 931 931
 933 933 933 933 932 931 931 931 931 930], 0.4433898, -0.0058086, -1.7035517367388369, 
1712954324266927726, 550, 243, 25.224096298217773, 931, [ 932  932  931  931  931  931  931  931  931  930  932  932  932  932
  932  931  931  931  931  931  932  932  932  932  932  931  931  931
  931  931  932  932  932  932  931  931  931  931  931  931  932  932
  932  932  931  931  931  931  931  931  933  932  932  932  931  931
  931  931  931  931  933  933  933  932  932  932  931  931  930  930
  933  933  933  932  932  932  931  931  930  930  932  932  933  932
  931  931  931 2047 2047 2047  933  933  933  932  932 2047 2047 2047
 2047 2047], 0.444843, -0.0058023, -1.7396096210080658, 
1712954324298267156, 550, 242, 25.1098575592041, 931, [ 932  932  932  932  931  931  931  931  931  930  932  932  932  932
  931  931  931  931  931  931  932  932  932  932  932  931  931  931
  931  931  932  932  932  932  932  931  931  931  931  931  932  932
  932  932  931  931  931  931  931  931  933  933  932  932  931  931
  931  931  931  931  933  932  932  932  931  931  931  931  931  931
  933  932  933  932  931  931  931  931  930  930  933  933  933  932
  931  931  931  931  930 2047  933  932  933  932  931  931  931 2047
 2047 2047], 0.444843, -0.0038682, -1.724620220363122, 
1712954324333759243, 550, 244, 25.34768295288086, 931, [ 932  932  931  932  932  931  931  931  931  931  932  931  931  932
  932  931  931  931  931  931  932  932  931  931  931  931  931  931
  931  931  932  932  932  931  931  931  931  931  931  931  932  932
  932  931  931  931  931  931  931  931  932  932  932  931  931  931
  931  931  931  931  933  932  933  932  931  931  931  931  931  931
  932  932  933  932  931  931  931  931  931  794  932  933  933  932
  932  932  932  794  794  794  933  933  932  932  932  932 2047 2047
  787  793], 0.444843, -0.0077364, -1.6875668644958801, 
1712954324366698575, 550, 244, 25.34768295288086, 931, [ 932  932  932  932  931  931  931  931  931  930  932  932  932  932
  932  931  931  931  931  931  932  932  932  932  931  931  931  931
  931  931  933  932  932  932  931  931  931  931  931  931  932  932
  932  932  931  931  931  931  931  931  932  932  932  932  932  931
  931  931  931  931  933  933  933  932  932  932  931  931  931  931
  932  932  933  932  932  931  931  931  931 2047  932  932  933  932
  931  930  930 2047 2047 2047  932  932  932  932  786  786 2047 2047
 2047 2047], 0.444843, -0.0077364, -1.6951423459872776, 
1712954324401103497, 549, 244, 25.301036834716797, 932, [932 932 932 932 932 932 931 931 931 931 932 932 932 932 932 932 931 931
 931 931 932 932 932 932 932 931 931 931 931 931 933 933 932 932 932 931
 931 931 931 931 933 933 933 933 932 932 931 931 931 930 933 933 933 933
 932 932 931 931 931 930 933 933 933 933 932 932 931 931 931 930 933 933
 933 933 932 932 931 930 930 929 932 933 933 933 932 931 930 930 930 787
 933 933 933 934 933 931 931 787 786 787], 0.4433898, -0.0077448, -1.7025622644472658, 
1712954324433072827, 549, 243, 24.7372989654541, 932, [ 933  933  933  932  932  932  931  931  931  930  933  933  933  932
  932  932  932  931  931  931  932  933  932  932  932  932  932  931
  931  931  933  933  933  933  932  932  931  931  931  931  933  933
  933  933  932  932  931  931  931  931  933  933  932  932  932  932
  931  931  931  931  933  933  932  933  932  932  931  931  931  930
  933  933  933  933  932  932  932  931  931  931  933  933  933  933
  932  932  932  931  931  931  933  933  933  933  932  932 2047 2047
 2047 2047], 0.4433898, -0.0058086, -1.7336008734865993, 
1712954324466989448, 550, 242, 24.403432846069336, 931, [ 932  932  931  932  931  931  931  931  931  931  932  932  931  931
  931  931  931  931  931  931  932  932  931  932  931  931  931  931
  931  931  932  932  931  932  932  931  931  931  931  931  932  932
  931  931  931  931  931  931  931  931  933  932  932  931  931  931
  931  931  931  931  933  932  932  932  931  931  931  931  930  931
  933  932  932  932  931  931  931  931  930  930  933  933  933  932
  931  931  931  931  930  930  932  932  933  932  931  931  931  931
  931 2047], 0.444843, -0.0038682, -1.7572017883377387, 
1712954324502236450, 549, 243, 24.914703369140625, 931, [ 932  933  932  932  932  931  931  931  931  931  932  932  932  932
  932  932  931  931  931  931  932  932  932  932  932  932  931  931
  931  931  932  932  932  932  932  931  931  931  931  931  933  933
  932  932  932  931  931  931  931  931  933  932  932  932  932  931
  931  931  931  931  933  932  932  932  932  931  931  931  931  931
  933  932  932  932  932  932  931  931  931  931  933  932  932  933
  932  932  932  931  932  931  933  932  932  933  932  932  932  932
 2047 2047], 0.44290889999999994, -0.0058023, -1.7578348301326885, 
1712954324532939165, 549, 242, 24.837390899658203, 931, [932 932 932 932 932 931 931 931 931 931 932 932 932 932 932 931 931 931
 931 931 932 932 932 932 932 932 931 931 931 931 932 932 932 931 932 932
 931 931 931 931 932 932 932 932 931 931 931 931 931 931 932 932 932 932
 931 931 931 931 931 931 932 932 932 932 931 931 931 931 931 931 933 932
 932 932 932 932 931 931 931 930 933 933 932 933 932 932 932 931 931 930
 932 932 932 933 932 932 931 931 931 930], 0.44290889999999994, -0.0038682, -1.737702360424763, 
1712954324566831571, 549, 243, 25.000099182128906, 931, [ 932  932  932  932  931  931  931  931  931  931  932  932  932  932
  932  931  931  931  931  931  932  932  932  932  931  931  931  931
  931  931  932  932  932  932  931  931  931  931  931  931  933  933
  932  932  931  931  931  931  931  930  933  933  932  932  932  931
  931  931  931  930  933  933  933  933  932  931  931  931  930  930
  933  933  933  933  932  932  931  931  930  930  933  933  933  933
  932  931  931  930  930  930  933  933  933  933  932  931 2047 2047
 2047 2047], 0.44290889999999994, -0.0058023, -1.7254256260725331, 
1712954324614397500, 550, 242, 25.1098575592041, 931, [ 932  932  932  932  932  931  931  932  932  931  932  932  932  932
  932  932  931  932  931  931  932  932  932  932  932  932  931  931
  931  931  932  932  932  932  932  932  931  931  931  931  932  932
  932  932  932  931  931  931  931  931  932  932  932  932  932  931
  931  931  931  931  932  932  932  932  932  931  931  931  931  931
  932  932  932  932  932  931  931  931  930  931  933  932  933  932
  932  931  931  931  930  930  932  932  933  932  932  931  931  931
 2047 2047], 0.444843, -0.0038682, -1.7455082268946696, 
1712954324655725199, 549, 244, 25.144681930541992, 931, [ 932  932  932  932  932  932  932  931  931  931  932  932  932  932
  932  932  931  931  931  931  932  932  932  932  932  931  931  931
  931  931  933  932  932  932  931  931  931  931  931  931  932  932
  932  932  931  931  931  931  931  931  933  932  932  932  932  931
  931  931  931  931  933  932  932  932  932  932  932  932  932  931
  933  932  932  933  932  932  932  932 2047  792  933  932  932  933
  932  931 2047 2047 2047  792  933  932 2047  932 2047 2047 2047 2047
 2047  790], 0.44290889999999994, -0.0077364, -1.700067971040189, 
1712954324692863865, 550, 243, 24.520498275756836, 931, [ 932  932  932  932  931  931  931  931  931  931  932  932  932  932
  932  931  931  931  931  931  932  932  932  932  932  931  931  931
  931  931  932  932  932  932  931  931  931  931  931  931  933  933
  932  932  931  931  931  931  931  931  933  932  932  932  932  931
  931  931  931  931  933  933  933  932  932  932  931  931  931  931
  933  933  933  933  932  932  932  932  931  931  933  933  933  933
  932  932 2047 2047 2047 2047  933  933  934  933  932 2047 2047 2047
 2047 2047], 0.444843, -0.0058023, -1.7769678619462346, 
1712954324724517810, 550, 242, 25.1098575592041, 931, [ 932  932  932  932  931  931  931  931  931  931  932  932  932  932
  932  931  931  931  931  931  932  932  932  932  932  932  931  931
  931  931  932  932  932  932  932  932  931  931  931  931  932  932
  932  932  931  931  931  931  931  931  932  932  932  931  931  931
  931  931  931  931  932  932  932  932  931  931  931  931  931  931
  932  932  932  932  931  931  931  931  931  931  933  933  933  932
  932  931  931  931  930  931  933  932  933  932  932  932  932  932
  930 2047], 0.444843, -0.0038682, -1.7775261110655887, 
1712954324758008609, 550, 242, 24.86473274230957, 931, [ 932  932  932  932  931  931  931  931  931  930  932  932  932  932
  931  931  931  931  931  930  932  932  932  932  932  932  931  931
  931  931  932  932  932  932  932  932  931  931  931  931  932  932
  932  932  932  931  931  931  931  931  933  933  932  932  932  931
  931  931  931  931  933  932  932  932  932  931  931  931  931  931
  932  932  933  932  932  931  931  931  931  931  933  933  933  932
  932  931  931  931  930  931  932  932  933  932  932  931  931 2047
 2047 2047], 0.444843, -0.0038682, -1.7212287907707087, 
1712954324802417287, 549, 243, 24.8651065826416, 931, [ 932  932  932  932  931  931  931  931  931  931  932  932  932  931
  932  931  931  931  931  931  932  932  931  931  931  931  931  931
  931  931  932  932  932  931  931  931  931  931  931  931  933  932
  932  932  931  931  931  931  931  931  933  933  932  932  932  931
  931  931  931  931  933  933  932  932  932  931  931  931  931  930
  933  933  933  933  932  932  931  931  931  930  932  933  933  933
  932  931  931  931  931  929  932  933  933  933  933  932 2047 2047
 2047 2047], 0.44290889999999994, -0.0058023, -1.7641013658686784, 
1712954324836588305, 549, 242, 25.00764274597168, 931, [ 932  932  932  932  932  931  931  931  931  930  932  932  932  932
  932  931  931  931  931  931  932  932  932  932  932  932  931  931
  931  931  932  932  932  932  932  932  931  931  931  931  932  932
  932  932  932  931  931  931  931  931  933  933  932  932  932  931
  931  931  931  931  933  933  932  932  932  931  931  931  931  931
  933  933  932  932  932  931  931  931  931  930  933  933  933  933
  932  931  931  931  931  930  933  933  933  933  932  931  931  931
  931 2047], 0.44290889999999994, -0.0038682, -1.7810596787852888, 
1712954324867261627, 549, 243, 24.982093811035156, 931, [932 932 932 932 932 931 931 931 931 931 932 932 932 932 932 932 931 931
 931 931 932 932 932 932 932 932 931 931 931 931 932 932 932 932 932 931
 931 931 931 931 933 932 932 932 932 931 931 931 931 931 932 932 932 932
 932 931 931 931 931 931 933 932 932 932 932 931 931 931 931 931 933 932
 932 932 932 931 931 931 931 930 933 932 932 933 932 931 931 930 931 930
 933 933 933 933 932 931 930 930 930 930], 0.44290889999999994, -0.0058023, -1.7431074308780348, 
1712954324900500877, 550, 243, 25.224096298217773, 932, [932 932 931 932 931 931 931 931 931 931 932 932 932 932 932 932 931 931
 931 931 932 932 932 932 932 932 931 931 931 931 932 932 932 932 932 931
 931 931 931 931 932 932 932 932 932 931 931 931 931 931 932 932 932 932
 932 932 931 931 931 931 932 932 932 932 932 932 931 931 931 930 932 932
 932 932 932 932 931 931 931 931 932 932 932 932 932 933 931 932 931 931
 932 932 933 932 933 933 933 791 791 791], 0.44532599999999994, -0.0058086, -1.7542038350970937, 
1712954324933056981, 549, 243, 24.738733291625977, 931, [ 932  932  932  932  932  931  931  931  931  931  932  932  932  932
  932  932  931  931  931  931  932  932  932  932  932  932  931  931
  931  931  933  932  932  932  932  931  931  931  931  931  933  933
  932  932  932  931  931  931  931  931  933  933  932  932  932  931
  931  931  931  931  933  933  932  932  932  931  931  931  931  930
  933  933  933  933  932  931  931  931  931  930  933  933  933  933
  932  932  931  931  931 2047  933  932  932  933  932  931  930 2047
 2047 2047], 0.44290889999999994, -0.0058023, -1.7359243466540686, 
1712954324966796464, 550, 242, 25.34768295288086, 931, [932 932 931 931 931 931 931 931 931 930 932 932 931 931 931 931 931 931
 931 930 932 932 931 932 931 931 931 931 931 931 932 932 932 932 931 931
 931 931 931 931 932 932 932 932 931 931 931 931 931 931 933 932 932 932
 931 931 931 931 931 931 933 932 932 932 932 931 931 931 931 931 933 932
 932 932 932 932 931 931 931 931 933 933 933 932 932 932 931 931 930 930
 932 932 933 932 932 932 931 931 930 930], 0.444843, -0.0038682, -1.8223782890361393, 
1712954325002560646, 549, 243, 25.02054214477539, 931, [932 932 932 932 932 931 931 931 931 931 932 932 932 932 932 932 931 931
 931 931 932 932 932 932 932 932 931 931 931 931 932 932 932 932 931 931
 931 931 931 931 933 933 932 932 931 931 931 931 931 931 933 933 932 932
 932 931 931 931 931 931 933 933 933 933 932 931 931 931 931 931 933 933
 933 933 932 932 931 931 931 930 933 933 932 933 932 931 931 931 931 930
 933 932 932 933 932 932 931 930 930 793], 0.44290889999999994, -0.0058023, -1.7163341505509395, 
1712954325033248350, 549, 244, 24.873239517211914, 932, [ 932  932  932  932  932  932  931  931  931  931  932  932  931  932
  932  932  931  931  931  931  932  932  932  932  932  931  931  931
  931  931  932  932  932  932  932  931  931  931  931  931  933  933
  932  932  932  932  931  931  931  931  933  932  932  932  932  932
  932  931  931  931  933  933  933  933  932  932  932  931  931  930
  933  933  933  933  932  932  932  932  791  794  933  933  933  934
  933  933  933  791  791  791  933  933  934  934  934  787 2047  788
  790  790], 0.4433898, -0.0077448, -1.7235592285604426, 
1712954325068140745, 549, 244, 24.705289840698242, 931, [932 932 932 932 932 931 931 931 931 932 932 932 932 932 932 932 931 931
 932 932 932 932 932 932 932 931 931 931 931 931 933 933 932 932 932 931
 931 931 931 931 933 933 932 932 932 931 931 931 931 931 933 933 933 933
 932 931 931 931 931 930 933 933 933 933 932 931 931 931 931 930 933 933
 933 933 933 931 931 931 931 930 933 933 933 934 933 931 931 930 931 929
 933 933 933 933 933 786 787 787 787 787], 0.44290889999999994, -0.0077364, -1.6917331903130541, 
1712954325101999086, 550, 243, 25.224096298217773, 931, [ 932  932  932  932  931  931  931  931  931  930  932  932  932  932
  932  931  931  931  931  930  932  932  932  932  932  931  931  931
  931  931  932  932  932  932  931  931  931  931  931  931  933  932
  932  932  932  931  931  931  931  931  933  932  932  932  932  931
  931  931  931  931  933  933  933  932  932  932  931  931  930  930
  933  933  933  932  932  932  931  931  930  930  933  933  933  933
  932  933  933  933  794  794  933  932  933  932  932  932  932 2047
  793  793], 0.444843, -0.0058023, -1.717936988535712, 
1712954325133433459, 550, 242, 24.589691162109375, 931, [ 932  932  932  932  931  931  931  931  931  930  932  932  932  932
  931  931  931  931  931  930  932  932  932  932  932  931  931  931
  931  930  932  932  932  932  932  931  931  931  931  931  932  932
  932  932  931  931  931  931  931  931  932  932  932  931  931  931
  931  931  931  931  933  932  932  932  931  931  931  931  931  931
  933  933  933  932  932  931  931  931  930  930  933  933  933  932
  932  932  931  931  930  930  933  933  933  932  932  932  931 2047
 2047 2047], 0.444843, -0.0038682, -1.7812083647585102, 
